00000111110111101111111111111111
00000111101111011111111111111111
01010000000000000000000000101101
00001111110111100000000000001000
01001011110111110000000000000100
01001011110111010000000000000000
00000111110111010000000000000000
00001111110111100000000000000100
01001000000111100000000000000000
00001111110111100000000000000100
01001000000111100000000000000000
01000011101000010000000000000000
00000100000110110000000000000000
01000100001110110000000000000000
01000011101000010000000000000000
00000100001111000000000000000000
01010000000000000000000000101000
01000011101000010000000000000000
01000011101000100000000000000000
01000011101000110000000000000000
01000011101001000000000000000000
00011000011001000010100000000000
01000011101000110000000000000000
00010000101000110010000000000000
00001000010001000001100000000000
00001111110111100000000000000100
01001000001111100000000000000000
00001111110111100000000000000100
01001000011111100000000000000000
00001111110111100000000000000100
01001011101000110000000000000000
00001111110111100000000000000100
01001011101000010000000000000000
01011000000000000000000000000100
01000000011111100000000000000000
00000111110111100000000000000100
01000000001111100000000000000000
00000111110111100000000000000100
00000111100111000000000000000000
00001111110111100000000000001000
01000011111111100000000000000100
01000011101111100000000000000000
00001111110111100000000000001000
01010111111000000000000000000000
00001111110111100000000000000100
01001000000111100000000000000000
00001111110111100000000000000100
01001000000111100000000000000000
01101100000000000000000000000000
01001011101111000000000000000000
01101100000000000000000000000000
01001011101111000000000000000000
01000011101000010000000000000000
01000011101000100000000000000000
00001111110111100000000000000100
01001000001111100000000000000000
00001111110111100000000000000100
01001000010111100000000000000000
00001111110111100000000000000100
01001011101000100000000000000000
00001111110111100000000000000100
01001011101000010000000000000000
01011000000000000000000000000100
01000000010111100000000000000000
00000111110111100000000000000100
01000000001111100000000000000000
00000111110111100000000000000100
01110000000000000000000000000000
