00111101111001111000000000000000
00111101110101110100000000000000
01110000000000000000000000000011
01101001111000000000000000000000
00111101111001111000000000000001
01101001111000000000000000000000
00111101111001111000000000000001
10001000000000000001110000000000
10000001110000000000000000000000
01101001110101110000000000000000
10001000000000000001110000000000
10000001110000000000000000000000
01101001110101110000000000000001
01100101110100000100000000000000
10010100000100001000000000000011
10000000001000000000000000000000
01100101110100000100000000000000
01100101110100001100000000000001
01100000000100001100010000000000
10000000010000000000000000000000
01100101110100000100000000000000
10010100000100001100000000000011
01001100001100000000000000011010
00111100000001101100000000001010
10000001101100000000000000000000
01110000000000000000000000011100
00111100000001101100000000000100
10000001101100000000000000000000
